Timestamp,Velocidade linear,Velocidade angular,Velocidade Roda Esquerda,Velocidade Roda Direita
1711143487.471623,-8.848937088623644e-05,2.5761405376880514e-07,-0.002682348946109414,-0.002680643228814006
1711143488.402077,9.762948006391539e-05,0.02137985266318856,-0.06782180070877075,0.07373873889446259
1711143488.721122,-0.003067232765257359,0.07764231415307768,-0.34998956322669983,0.1640966683626175
1711143488.9238036,0.039937647297978406,0.22102121507548633,0.4785175621509552,1.9419459104537964
1711143489.4253416,0.025080193430185322,0.3570162161536839,-0.42193418741226196,1.9419459104537964
1711143489.6325266,0.006847441345453261,0.2358965445437748,-0.5734623074531555,0.9884587526321411
1711143490.003211,0.01840220707654953,0.010818189014286411,0.5218278765678406,0.5934574007987976
1711143490.2061737,0.024052633926272392,0.10213194245331891,0.3907490670681,1.066986322402954
1711143490.9209378,-0.021395393148064615,0.07825735163634102,-0.9074245095252991,-0.3892659842967987
1711143491.2899044,0.001357467725872993,0.0823894118553441,-0.23162350058555603,0.31389427185058594
1711143491.4978623,-0.010918954968452455,0.25038470829106035,-1.1598025560379028,0.49804770946502686
1711143491.9975789,-0.01623703899979591,0.4438097174162177,-1.961310625076294,0.9772476553916931
1711143492.200007,-0.027344299256801603,0.05761948821200931,-1.0193705558776855,-0.6378597021102905
1711143492.575118,0.008339078888297081,0.1945799707820814,-0.3914782702922821,0.8968769907951355
1711143492.776204,0.009537347316741943,0.44455160538173655,-1.1827247142791748,1.7607457637786865
1711143493.2639787,0.009537347316741943,0.44455160538173655,-1.1827247142791748,1.7607457637786865
1711143493.4877162,0.008414767742156982,0.4611283134268405,-1.2716212272644043,1.7816071510314941
1711143493.8400006,0.006830693721771239,0.47562784679421577,-1.3676257133483887,1.7816071510314941
1711143494.0484421,0.003855657219886781,0.652136814676106,-2.0421299934387207,2.275806188583374
1711143494.5505586,0.003855657219886781,0.652136814676106,-2.0421299934387207,2.275806188583374
1711143494.7566633,-0.008729722201824188,0.4012791193868258,-1.593014121055603,1.0639400482177734
1711143495.1058261,-0.009531074702739718,0.2660001928255269,-1.1694422960281372,0.5918014049530029
1711143495.3075175,-0.011813493847846988,0.4810439989277646,-1.9505318403244019,1.2345625162124634
1711143495.6829531,0.019175583846867086,0.19739111385029023,-0.07240591943264008,1.2345625162124634
1711143495.8925874,0.0064991480112075815,0.25619633956141,-0.6512212753295898,1.0451090335845947
1711143496.3935137,0.0064991480112075815,0.25619633956141,-0.6512212753295898,1.0451090335845947
1711143496.6371381,-0.0018861680477857594,0.13181098988727247,-0.49353086948394775,0.37921765446662903
1711143497.1192448,-0.016757094070315365,0.008464871200325838,-0.5358145833015442,-0.4797668755054474
1711143497.3218842,0.004725378558039666,0.14449874773723856,-0.33518514037132263,0.6215717196464539
1711143497.6573062,0.004725378558039666,0.14449874773723856,-0.33518514037132263,0.6215717196464539
1711143497.8589487,0.002498453065752984,0.16498300426339124,-0.47048303484916687,0.6219044327735901
1711143498.2363875,-0.021857571847736835,0.17546526511419283,-1.2432470321655273,-0.08145429193973541
1711143498.437695,-0.015600583076477052,-0.006687722162469295,-0.45060452818870544,-0.4948853552341461
1711143498.943711,-0.015600583076477052,-0.006687722162469295,-0.45060452818870544,-0.4948853552341461
1711143499.1444054,-0.0203296904861927,0.42598809448477876,-2.02632999420166,0.7942275404930115
1711143499.4991674,0.003419159799814225,0.2081901577026402,-0.5856246948242188,0.7928465008735657
1711143500.2094076,3.553891181945837e-05,0.3513502834590676,-1.1621054410934448,1.1642593145370483
1711143500.902146,0.002639134665951133,0.03624749042144902,-0.04002738371491432,0.1999749392271042
1711143501.494749,0.011060756072402,0.030089384494711664,0.2355603277683258,0.4347885251045227
1711143501.89583,0.006238561000674963,0.07422846981944428,-0.056693919003009796,0.4347885251045227
1711143502.132586,-0.0003230706313624979,0.011551412201787025,-0.04803219437599182,0.028452156111598015
1711143502.3602479,0.01898174773156643,0.21210893627162383,-0.12700465321540833,1.2774136066436768
1711143502.7775471,0.01898174773156643,0.21210893627162383,-0.12700465321540833,1.2774136066436768
1711143502.9953275,-0.0328901604115963,0.033195014676458495,-1.106567144393921,-0.8867759108543396
1711143503.3420632,-0.013361465178430083,0.05264614137141057,-0.5791835188865662,-0.23060224950313568
1711143503.5692916,0.004966656357049943,0.21956130814497749,-0.5763762593269348,0.8773857355117798
1711143504.0461445,-0.00852426784671843,0.09607458774435165,-0.5763762593269348,0.059753965586423874
1711143504.2502148,0.000574254959821701,0.194950230607179,-0.6280017495155334,0.6628050804138184
1711143504.603828,0.0025460779219865807,0.16540504852203264,-0.47043707966804504,0.6247448325157166
1711143504.8092434,-0.011244448855519295,0.22167609799099186,-1.0746231079101562,0.39314135909080505
1711143505.1833663,-0.017016696006059647,-0.002547794130355857,-0.5072227120399475,-0.5240921974182129
1711143505.4046142,-0.017016696006059647,-0.002547794130355857,-0.5072227120399475,-0.5240921974182129
1711143505.90827,-0.017016696006059647,-0.002547794130355857,-0.5072227120399475,-0.5240921974182129
1711143506.4559367,-0.01504480715095997,0.021745262620650928,-0.5278932452201843,-0.3839132487773895
1711143506.7671607,-0.006547205965965986,0.07914198662241755,-0.46040812134742737,0.06360775977373123
1711143507.1547692,-0.006547205965965986,0.07914198662241755,-0.46040812134742737,0.06360775977373123
1711143507.3629289,-0.01429128947854042,0.24809914459080118,-1.2544279098510742,0.3882891535758972
1711143507.8620255,-0.023215288639068604,0.35084127015871097,-1.8649908304214478,0.4580036401748657
1711143508.0643344,0.018574833780527114,0.030863693431531253,0.4606962203979492,0.665051281452179
1711143508.5370038,-0.019887870244681836,0.20879442420376793,-1.2938988208770752,0.08857335150241852
1711143509.2645833,0.0007725812606513499,0.03538685440335176,-0.09374038130044937,0.1405634880065918
1711143509.7291996,0.016531783998012542,-0.01089641704166508,0.5370368957519531,0.46488940715789795
1711143509.93245,0.009980303104966878,-0.07086420553636225,0.5370368957519531,0.06782995909452438
1711143510.144135,0.0002994674071669579,0.017747562864552372,-0.04968041926622391,0.06782995909452438
1711143510.35065,-0.00032474478520452983,0.019381238526965168,-0.0740043967962265,0.05432289466261864
1711143511.4045823,-0.016120224103331568,-0.06402743940222455,-0.2765220105648041,-0.7004612684249878
1711143511.726565,-0.01110154942329973,-0.10996496507757317,0.027640091255307198,-0.7004612684249878
1711143511.9286778,-0.00736132350191474,0.073369230810783,-0.4659670293331146,0.019826211035251617
1711143512.2841158,0.0015032445341348656,0.1545094416670723,-0.4659670293331146,0.5570727586746216
1711143512.521061,0.010250229947268963,-0.07656336601320611,0.5640841722488403,0.05714188516139984
1711143512.8333194,0.0026230971738696097,0.09328446733324151,-0.2293403297662735,0.38831591606140137
1711143513.0377681,-0.013780438274145126,-0.0437916446332255,-0.27261215448379517,-0.5625659227371216
1711143513.5442543,0.0008490629196166999,0.15936961217657653,-0.5018808245658875,0.5533391833305359
1711143513.7489192,-0.0012168143391609217,0.36464190046629047,-1.2440588474273682,1.170312523841858
1711143514.1192777,0.024328907757997512,0.36487355084932094,-0.47071295976638794,1.9451922178268433
1711143514.8300138,0.01964074444770813,-0.002490153847351781,0.6034179925918579,0.5869301557540894
1711143515.0361538,0.003526574134826658,0.5658122134699701,-1.7663154602050781,1.9800472259521484
1711143515.5406559,-0.0063876394629478455,0.26321603122510406,-1.0649694204330444,0.6778397560119629
1711143515.7734823,-0.01603665366768837,0.029465509224810907,-0.5835078954696655,-0.3884105086326599
1711143516.0935204,-0.0117928659170866,0.15553981011192095,-0.8722906112670898,0.1575714647769928
1711143516.4257324,0.0017651907093822958,-0.04103023915187173,0.18932558596134186,-0.08234433084726334
1711143516.805912,0.0017651907093822958,-0.04103023915187173,0.18932558596134186,-0.08234433084726334
1711143517.0379384,0.00044470551609993025,0.20088234564259616,-0.6515663862228394,0.6785182356834412
1711143517.2484245,0.00656453187391162,0.09116092634555678,-0.10287270694971085,0.500723123550415
1711143517.4523435,0.0005903595127165319,0.036477426471917526,-0.10287270694971085,0.13865207135677338
1711143518.1212924,-0.005679005451500417,-0.12371181671079293,0.23747001588344574,-0.5816521644592285
1711143518.443325,0.016560534032061695,0.1670485521992775,-0.051197584718465805,1.0548663139343262
1711143518.6556396,0.004171621341258288,-0.013373647285817143,0.17068764567375183,0.08213789016008377
1711143518.9113936,0.008437867641448972,0.41447488230480484,-1.1164700984954834,1.6278560161590576
1711143519.398594,-0.02106211479753256,0.14445215975119813,-1.1164700984954834,-0.16002170741558075
1711143519.6179867,0.009064905792474745,0.22655948485062377,-0.4753550887107849,1.0247433185577393
1711143519.9345431,0.0035171509534120565,-0.08184683882126274,0.37754297256469727,-0.16438230872154236
1711143520.1426933,0.016450953528285028,-0.01816244597293147,0.5586424469947815,0.4383850395679474
1711143520.6419625,0.0235465766787529,0.04678604968352504,0.5586424469947815,0.86842280626297
1711143520.8492599,-0.009226009162142872,0.09745108370309018,-0.6021981835365295,0.04304611310362816
1711143521.3524,0.01482126586139202,-0.0077100832620529,0.47465431690216064,0.42360422015190125
1711143521.557684,0.017203484281897545,0.032213081893440784,0.4146728813648224,0.6279625296592712
1711143521.9071317,0.005061426993459463,-0.07727259332719057,0.4091956913471222,-0.10244254022836685
1711143522.6190276,-0.01723420071601868,0.6076898640298735,-2.5340702533721924,1.4895732402801514
1711143522.8498995,-0.002414007704705,-0.008903349871220797,-0.043676264584064484,-0.102627232670784
1711143523.3389206,0.01032365483790636,0.028021412187637394,0.22007016837596893,0.40560588240623474
1711143523.5418692,0.009733527548611166,0.07042009381735079,0.06182219088077545,0.5280885696411133
1711143523.8833294,-0.012036946378648283,0.037670470279741616,-0.4894680380821228,-0.24004386365413666
1711143524.0879507,-8.327490091323761e-05,0.17944279797289958,-0.5965878963470459,0.5915409326553345
1711143524.4603124,-8.327490091323761e-05,0.17944279797289958,-0.5965878963470459,0.5915409326553345
1711143524.665711,0.024100885257124904,0.09690791259368443,0.4095059335231781,1.0511537790298462
1711143525.1687467,0.018199849382042887,0.1509219709468379,0.051867395639419556,1.0511537790298462
1711143525.4101439,-0.021125864982604985,0.01951286067133365,-0.7047771215438843,-0.5755783319473267
1711143525.8775928,-0.03849885883927345,0.20270881254558437,-1.8377211093902588,-0.49554306268692017
1711143526.0832908,-0.001286601841449738,0.1741250205094536,-0.6154472827911377,0.5374714136123657
1711143526.4365444,-0.005904902413487435,0.1623100452892295,-0.7162810564041138,0.3584081828594208
1711143526.6604044,-0.002052158005535602,0.08226050439906613,-0.3345187306404114,0.2101455181837082
1711143526.9943273,-0.0067725820541381845,0.09108482618353733,-0.5067757368087769,0.09631621837615967
1711143527.201516,0.005315590918064116,0.2172119917531308,-0.5580248236656189,0.8801818490028381
1711143527.7034585,-0.010119888497516515,0.07592613897893741,-0.5580248236656189,-0.05530175194144249
1711143527.9040086,-0.0017939872741699215,0.16738005415525808,-0.6084926724433899,0.49976617097854614
1711143528.4150312,-0.0019719500765204433,0.08569018225648038,-0.34344249963760376,0.22393037378787994
1711143528.9903572,-0.014459481686353684,-0.028612166574945155,-0.34344249963760376,-0.532889723777771
1711143529.200046,-0.0001465704739093774,-0.1596227955218038,0.5240066647529602,-0.532889723777771
1711143529.6958485,0.003437247902154923,0.12045590364687503,-0.2946230173110962,0.5029410719871521
1711143529.9074643,0.003325503073632717,-0.09802416758079006,0.4252922236919403,-0.22374658286571503
1711143530.2542293,-0.011328728377819062,0.2992106100514497,-1.3338632583618164,0.6472736597061157
1711143530.4553926,0.0031139466762542724,0.13989603655834765,-0.36877864599227905,0.5575026869773865
1711143530.8278995,0.006331689476966858,0.16934905990583127,-0.36877864599227905,0.7525174021720886
1711143531.1258328,0.02288335052132607,-0.014412564325659988,0.7411491870880127,0.6457205414772034
1711143531.539058,0.008200386799871923,-0.14881040159297482,0.7411491870880127,-0.24415604770183563
1711143531.8416092,-0.0023561744838953022,0.13701417994444648,-0.52499920129776,0.3822007477283478
1711143532.4117546,-0.002400843992829323,0.13742305416809886,-0.5277064442634583,0.3822007477283478
1711143532.6138363,0.012198463791981341,0.12700368124710343,-0.05080873891711235,0.7901095747947693
1711143532.8192358,0.018151542976498604,0.24435531233759167,-0.2589174211025238,1.359010934829712
1711143533.0389323,-0.0037988670989871033,0.10768025179203916,-0.4716040790081024,0.24136970937252045
1711143533.5427434,-0.0019883979856967927,0.198170452696235,-0.7163187861442566,0.595809817314148
1711143534.1739988,0.01681155064702034,-0.048191858647344314,0.6689851880073547,0.3498966693878174
1711143534.3798974,-0.00554835900105536,0.06422867796445603,-0.38076794147491455,0.04450375959277153
1711143534.9281518,-0.003346755757927895,0.08438065272992482,-0.38076794147491455,0.17793425917625427
1711143535.162805,-0.004822834454476834,-0.05470983094154288,0.03497619926929474,-0.32726919651031494
1711143535.39545,-0.004822834454476834,-0.05470983094154288,0.03497619926929474,-0.32726919651031494
1711143536.0878692,-0.008763542979955675,0.20152028665389843,-0.9327161908149719,0.4015923738479614
1711143536.294036,0.002058850318193436,0.16697920077998252,-0.49041295051574707,0.6151917576789856
1711143536.6413844,0.0034098349660634988,-0.11616784197787672,0.4879142940044403,-0.28125762939453125
1711143536.8464823,0.012339721217751504,0.22663521480232957,-0.3763689696788788,1.1242308616638184
1711143537.225498,-0.005090809587389231,0.06708802207792923,-0.3763689696788788,0.06783505529165268
1711143537.435667,-0.011021112129092217,0.2282754917984969,-1.0897033214569092,0.42175713181495667
1711143537.7923563,-0.011021112129092217,0.2282754917984969,-1.0897033214569092,0.42175713181495667
1711143537.996015,0.0002191200703382497,-0.09542834063143699,0.32256564497947693,-0.30928564071655273
1711143539.289295,0.02946514990925789,0.15517976764137742,0.37914425134658813,1.4066224098205566
1711143539.4998147,-0.028083147883415226,0.055893448452109334,-1.0360456705093384,-0.6659632921218872
1711143539.811513,-0.011264659792184831,-0.05278133227568743,-0.16661512851715088,-0.516091525554657
1711143540.0168955,0.014646640732884408,0.026590917285028805,0.35580554604530334,0.531869649887085
1711143540.3683484,-0.011638039648532867,0.26718295738953474,-1.2372053861618042,0.531869649887085
1711143540.5739486,0.005722103118896485,0.15401172146917208,-0.33647507429122925,0.683269202709198
1711143540.9248586,0.005722103118896485,0.15401172146917208,-0.33647507429122925,0.683269202709198
1711143541.6533227,0.021494012743234633,-0.009879713745902838,0.6840415596961975,0.6186258792877197
1711143541.8908768,0.009431971728801728,0.16381267606530092,-0.2565019130706787,0.8281365633010864
1711143543.0378475,0.013262259554117918,0.12875283327064474,-0.024363256990909576,0.8281365633010864
1711143543.2404666,-0.0009975698590278612,0.278497736841372,-0.9522256851196289,0.8917669057846069
1711143543.4452486,0.0032325869053602225,0.15443539960433472,-0.41331759095191956,0.6092319488525391
1711143543.8711035,-0.01558668901026249,0.24953872483709588,-1.2984483242034912,0.353800505399704
1711143544.0740826,-0.0003138873875141151,0.1841899429360571,-0.6192920804023743,0.6002686023712158
1711143544.585442,0.0013170955181121824,0.4108020719183392,-1.3200918436050415,1.3999158143997192
1711143544.7874413,0.029974401980638506,0.09134324873612183,0.6059136986732483,1.210716724395752
1711143545.15928,0.016141108721494678,-0.0352772845283526,0.6059136986732483,0.3723353147506714
1711143545.365564,-0.03043282797932625,0.07518142830043417,-1.1711030006408691,-0.6733108162879944
1711143545.7123282,-0.03043282797932625,0.07518142830043417,-1.1711030006408691,-0.6733108162879944
1711143545.9177928,0.021491593390703202,-0.0016286823242152582,0.6566523313522339,0.6458684802055359
1711143546.4222536,0.021491593390703202,-0.0016286823242152582,0.6566523313522339,0.6458684802055359
1711143546.6239853,-0.014472669616341593,0.23640973930773532,-1.2212252616882324,0.34409376978874207
1711143547.0055556,-0.009968780815601349,0.07025980512937638,-0.534686803817749,-0.0694817304611206
1711143547.2060478,0.01665722005069256,0.05041176571725981,0.3378707468509674,0.6716577410697937
1711143547.576357,0.007920735955238343,-0.029556052090101446,0.3378707468509674,0.1421738564968109
1711143548.271971,-0.005273768573999405,0.23502237109352306,-0.9378776550292969,0.6182553172111511
1711143548.5094397,0.006742889910936356,0.35275809088342525,-0.9635130763053894,1.3721730709075928
1711143548.9774554,0.007642998833209276,0.08838772702135266,-0.06101091951131821,0.5242229700088501
1711143549.1827984,0.006571788579225541,0.30601701556408706,-0.8139566779136658,1.2122468948364258
1711143549.684178,-0.019491482198238375,0.31575905158263323,-1.6360048055648804,0.45470285415649414
1711143549.8891702,0.003407859653234483,-0.2051205583240675,0.7823418378829956,-0.5758048892021179
1711143550.2607698,0.002677519083023071,-0.14132878873113636,0.5490208864212036,-0.38674700260162354
1711143550.4662485,0.005735409557819367,0.4399343513514957,-1.282649040222168,1.6302496194839478
1711143550.8385518,0.010239693470299245,-0.044183286635772034,0.4565671980381012,0.16402028501033783
1711143551.3959827,0.019228652000427247,0.37312334898680244,-0.6525779962539673,1.8179508447647095
1711143551.947299,-0.005481218218803407,0.2588525276707839,-1.0230562686920166,0.6908612251281738
1711143552.1499033,0.00821885231137276,0.21676751432484292,-0.46857571601867676,0.9666879773139954
1711143552.9690716,0.00821885231137276,0.21676751432484292,-0.46857571601867676,0.9666879773139954
1711143553.1824803,0.00328323644399643,0.17220167328072905,-0.470599889755249,0.6695839166641235
1711143553.3933322,-5.766713619232561e-05,0.745904727167614,-2.471144199371338,2.467649221420288
1711143553.609654,0.045177438229322436,0.22975585144226285,0.6083821654319763,2.1296443939208984
1711143554.8542936,-0.04023145750164986,0.16902495821771685,-1.778710126876831,-0.6595600247383118
1711143555.0950882,-0.01986857467889786,0.3421295485725665,-1.7347341775894165,0.5305781364440918
1711143555.3077965,-0.01236861477792263,0.25229171225353564,-1.2100449800491333,0.4604319632053375
1711143555.5136302,-0.020485264688730243,-0.01326832864049915,-0.5768393874168396,-0.6646918058395386
1711143555.7169845,0.0238569068312645,-0.09318268762846017,1.0314277410507202,0.4144454002380371
1711143556.1241198,-0.016820701405405997,-0.24189807907667532,0.291111022233963,-1.3105474710464478
1711143556.328655,-0.002821237474679947,0.11460509534831452,-0.4649043679237366,0.29392027854919434
1711143556.7017705,-0.022010006546974183,0.5932551095905785,-2.6310038566589355,1.2970640659332275
1711143557.4050417,0.01799096927046776,-0.04130055457012605,0.6819107532501221,0.40845102071762085
1711143557.6084695,0.0288519886136055,0.14029626879048293,0.409837007522583,1.3387683629989624
1711143557.9596272,-0.0033901378959417337,0.15577982342215918,-0.6184570789337158,0.4129941761493683
1711143558.5263724,-0.00785878049209714,0.09424878868276523,-0.5501654744148254,0.07387574762105942
1711143559.224038,-0.0006949865520000462,0.18031606221362712,-0.6180156469345093,0.5758952498435974
1711143559.4277563,-0.004433349430561066,0.39401945042119146,-1.4387871026992798,1.1700992584228516
1711143559.8037596,0.00553908598423004,0.35982609668094456,-1.0233913660049438,1.3590935468673706
1711143560.0082452,-0.03169582933187485,0.09699855898283166,-1.2816036939620972,-0.6393556594848633
1711143560.3681564,-0.012870379149913787,-0.07531677449049612,-0.14066731929779053,-0.6393556594848633
1711143560.5724342,-0.04530272233486175,-0.03197328013195325,-1.2669588327407837,-1.4786607027053833
1711143561.0715847,-0.04530272233486175,-0.03197328013195325,-1.2669588327407837,-1.4786607027053833
1711143561.3369682,0.03720689016580582,0.19795282754527077,0.4721376895904541,1.7828253507614136
1711143561.6447852,-0.007032817840576173,0.23919448154196318,-1.0049943923950195,0.5787630081176758
1711143561.8569984,0.01612026491761208,0.44927124000523133,-0.9988672137260437,1.9758529663085938
1711143562.3530455,0.02784508211910725,0.3419502587558476,-0.2882722318172455,1.9758529663085938
1711143562.5579395,0.0038606557399034494,-0.1639329032712452,0.6597068309783936,-0.4257276952266693
1711143562.9299912,-0.018874291107058527,-0.026583418556972827,-0.483940988779068,-0.6599554419517517
1711143563.1322036,0.0004280562400817856,-0.19961354825262073,0.6738132238388062,-0.6478704214096069
1711143563.6341867,0.011988751905038952,-0.09379482363058718,0.6738132238388062,0.05277780070900917
1711143563.8393278,-0.03822205835580826,0.17221722886545981,-1.7283875942230225,-0.588100790977478
1711143564.1966608,0.0002516942918300638,-0.17994526676509692,0.6033549904823303,-0.588100790977478
1711143564.9059203,-0.0013707899004220966,0.05896550089598248,-0.23675063252449036,0.153672456741333
1711143565.1166978,0.027034878820180894,0.1573121250357726,0.29844027757644653,1.340037226676941
1711143565.327115,0.009151199474930764,-0.006382880412741168,0.29844027757644653,0.2561778724193573
1711143566.0364504,-0.027739205449819566,-0.046048896809191664,-0.6881322264671326,-0.9930317401885986
1711143566.2453218,-0.015488121539354326,0.2347002408597235,-1.2463370561599731,0.3076630234718323
1711143566.6201093,-0.0024185578823089585,0.1760076243490049,-0.6559815406799316,0.5094022750854492
1711143566.826397,0.004727073088288306,0.14781614722048936,-0.34611639380455017,0.6326056718826294
1711143567.3270912,0.004727073088288306,0.14781614722048936,-0.34611639380455017,0.6326056718826294
1711143567.881231,-0.00863747602701187,0.39757332539940315,-1.577950358390808,1.054466962814331
1711143568.4558015,0.008696867197752001,0.21295364143100975,-0.4414641857147217,0.9685470461845398
1711143569.1685073,0.0016457530651241541,0.00011608006274945685,0.04948700964450836,0.05025560036301613
1711143569.3724904,0.02593286177515984,0.492855881935399,-0.8458073735237122,2.4174959659576416
1711143569.7420037,-0.008426777958869935,0.3817924547522783,-1.519321322441101,1.0086075067520142
1711143569.946886,0.039102633833885195,0.01945243874730998,1.1205289363861084,1.2493276596069336
1711143570.4506938,0.039102633833885195,0.01945243874730998,1.1205289363861084,1.2493276596069336
1711143570.6838152,-0.010794005736708641,0.23897940847911878,-1.118257761001587,0.46407559514045715
1711143571.009223,0.00517196423560381,0.09283780690188811,-0.15062321722507477,0.46407559514045715
1711143571.2097833,-0.022746973782777787,0.3483597493008018,-1.8425841331481934,0.46397966146469116
1711143571.586842,-0.02921351831406355,0.2891694103416644,-1.8425841331481934,0.07206787168979645
1711143571.7922723,0.020625781863927842,0.10083757467073491,0.2911902070045471,0.9588571786880493
1711143572.2987323,0.005670326331630349,-0.03605446681482568,0.2911902070045471,0.05246593430638313
1711143572.5103064,0.027995958745479586,0.13877729474816225,0.3889254331588745,1.3077993392944336
1711143573.0036044,-0.008512767255306244,0.2801502296526318,-1.1854296922683716,0.6695044040679932
1711143573.2089005,-0.01542315897345543,0.2634794589311089,-1.3396451473236084,0.4049082398414612
1711143573.5830467,0.007279396824538709,0.13033106459360103,-0.21088702976703644,0.6520625948905945
1711143574.2953758,-0.022244743488729003,0.22033833345777656,-1.4035365581512451,0.05537028610706329
1711143574.5082715,-0.006465086281299593,0.382170523877002,-1.461127758026123,1.069304347038269
1711143574.86843,-0.004570379197597504,0.32885408128699123,-1.2272026538848877,0.9502099752426147
1711143575.0691454,0.00607321608066559,0.23019761024405266,-0.5780567526817322,0.9461304545402527
1711143575.4217265,0.00607321608066559,0.23019761024405266,-0.5780567526817322,0.9461304545402527
1711143575.6291552,-0.002139889776706696,-0.16292208283116671,0.47452569007873535,-0.6042159795761108
1711143576.135877,-0.010865754537284375,-0.08305146717370511,-0.05431459844112396,-0.6042159795761108
1711143576.3361886,-0.0011295160353183738,0.1700682806477667,-0.5972568392753601,0.5288013219833374
1711143576.7097206,0.010375203520059587,0.2753746381340638,-0.5972568392753601,1.2260570526123047
1711143577.4246423,0.01854662275314331,-0.011350517687590225,0.5995959639549255,0.5244417786598206
1711143577.6273024,-0.0302515496313572,0.10030204125891017,-1.2487741708755493,-0.5846530795097351
1711143578.001083,-0.0011571798808872702,0.033927813922513275,-0.14738768339157104,0.07725556939840317
1711143578.203124,-0.0035286610722541807,0.3829784420589561,-1.3748198747634888,1.160961627960205
1711143578.7059617,-0.021808280797675255,0.21565926837089133,-1.3748198747634888,0.05310588702559471
1711143578.9066246,0.029696496069431304,0.12069803244462002,0.5003101825714111,1.299477458000183
1711143579.2608845,-0.009371304620057344,-0.11056067370031737,0.08204390853643417,-0.6500017642974854
1711143579.4643266,-0.021978103056550027,0.309042149195682,-1.6891199350357056,0.35711368918418884
1711143579.8391511,-0.021978103056550027,0.309042149195682,-1.6891199350357056,0.35711368918418884
1711143580.5500188,-0.00765218684077263,0.2778175310903065,-1.151628851890564,0.6878599524497986
1711143580.7515287,0.004991658300161362,0.2593219048371304,-0.7072502970695496,1.0097750425338745
1711143581.102592,-0.004126315891742706,0.2196985447706838,-0.8523752093315125,0.602295458316803
1711143581.3053901,0.0033429910093545918,0.1409242490063543,-0.3652419149875641,0.5678474307060242
1711143581.8134832,0.0033429910093545918,0.1409242490063543,-0.3652419149875641,0.5678474307060242
1711143582.0173275,0.031837255239486696,0.0969722909294495,0.6437282562255859,1.2858023643493652
1711143582.3912296,0.00723946300148964,0.3221237072955553,-0.8470470309257507,1.2858023643493652
1711143582.5941997,0.012526736676692962,0.5258183910317498,-1.3611794710159302,2.120375633239746
1711143583.1007931,0.012526736676692962,0.5258183910317498,-1.3611794710159302,2.120375633239746
1711143583.3574233,0.0078013502508401875,0.218342665813062,-0.4864419996738434,0.9592511057853699
1711143583.664168,0.0078013502508401875,0.218342665813062,-0.4864419996738434,0.9592511057853699
1711143584.3637629,-0.007041499480605126,0.18676075086986446,-0.8316700458526611,0.4049125015735626
1711143584.5701966,0.005327392637729644,0.3959175918413245,-1.1492910385131836,1.4721633195877075
1711143584.9459255,0.00225600689649582,0.3810184743911778,-1.1930382251739502,1.3297659158706665
1711143585.1484544,0.007222486227750777,0.2534749494264546,-0.6202924847602844,1.0580189228057861
1711143585.5156338,0.007222486227750777,0.2534749494264546,-0.6202924847602844,1.0580189228057861
1711143585.7201993,-0.033823542684316636,0.09763902957706758,-1.3482002019882202,-0.7017114758491516
1711143586.2264664,-0.021358623906970024,0.2117343959601029,-1.3482002019882202,0.053738147020339966
1711143586.4910717,0.012468111634254458,0.2562824354018991,-0.47062861919403076,1.2262717485427856
1711143586.7810292,-0.0016510055065155002,0.3855192055691298,-1.326332688331604,1.2262717485427856
1711143587.4948385,0.012899486616253855,0.24795552999531378,-0.4299895465373993,1.211776614189148
1711143587.6996439,-0.014914446830749512,0.012149577828239243,-0.4921754002571106,-0.41173046827316284
1711143588.0496373,0.016538199216127397,-0.026651532753654145,0.5893902778625488,0.4129248261451721
1711143588.2525218,0.011974375873804094,0.270659531554041,-0.533187210559845,1.2589069604873657
1711143588.7572806,0.012662968844175337,0.2769624420379883,-0.533187210559845,1.3006398677825928
1711143588.9627738,0.024819219052791597,-0.021542702441357364,0.8234169483184814,0.6807781457901001
1711143589.3369002,0.019925158515572552,0.20799425905847443,-0.08479437232017517,1.2923797369003296
1711143590.0473635,0.02344843652844429,0.00782372995153989,0.6846573948860168,0.7364599704742432
1711143590.2492585,-0.022340615004301075,0.3565902199843383,-1.8575180768966675,0.5035414099693298
1711143590.7539449,0.0024904972314834586,0.3647668672644574,-1.1321297883987427,1.2830690145492554
1711143590.959366,-0.0065712535679340375,0.23934703969846327,-0.991512656211853,0.5932548642158508
1711143591.3126,-0.015167678788304332,0.21107521905506232,-1.1584135293960571,0.23916026949882507
1711143591.5198894,0.06319239842891694,0.2360522174180509,1.1334452629089355,2.696397066116333
1711143592.0172155,0.03652666510641575,0.4801321562967803,-0.48265978693962097,2.696397066116333
1711143592.2215476,-0.037427065998315814,0.22139031363297385,-1.8670896291732788,-0.40121740102767944
1711143592.5718358,-0.0267605741545558,0.3190241062532028,-1.8670896291732788,0.24523665010929108
1711143593.1505735,0.0051324537992477395,0.3456089403863903,-0.9886461496353149,1.2997039556503296
1711143593.3619637,0.02590415900945664,0.08601008672736057,0.500229001045227,1.0697200298309326
1711143593.7153907,0.02590415900945664,0.08601008672736057,0.500229001045227,1.0697200298309326
1711143593.9163349,-0.029470601320266725,0.06692563478133773,-1.1146129369735718,-0.671484112739563
1711143595.3264258,-0.0074396319687366486,0.2685821048182263,-1.1146129369735718,0.6637261509895325
1711143595.538537,-0.0037665222734212887,0.16929784260298078,-0.6746155023574829,0.4463414251804352
1711143595.7569118,-0.0005711992979049677,0.2758813198971257,-0.9306434392929077,0.8960253000259399
1711143595.9757233,-0.041408196151256564,-0.02520849120971541,-1.171338438987732,-1.3382492065429688
1711143596.1797688,-0.027544861122965815,0.12727635689676492,-1.2560546398162842,-0.41333088278770447
1711143596.7686403,-0.015547796443104743,0.017463407882018278,-0.5289598107337952,-0.41333088278770447
1711143596.9759026,-0.022157754242420197,-0.007712095225702986,-0.6459153890609741,-0.6969788074493408
1711143597.2007587,-0.04574652403593064,0.1374880536470042,-1.8414270877838135,-0.9310895204544067
1711143597.4028535,-0.004065290428698063,0.08740789959850792,-0.4125637412071228,0.1661825031042099
1711143598.5855815,0.012954131036996842,0.27517684455321634,-0.5184527039527893,1.3035515546798706
1711143598.790002,0.006836334913037718,0.06952007794305172,-0.022991927340626717,0.4373152554035187
1711143599.0434039,-0.041693744659423826,-0.019919142297530917,-1.1975023746490479,-1.3293912410736084
1711143599.6054816,-0.001387727826833723,0.2963735072509102,-1.0232282876968384,0.9391235709190369
1711143599.8116531,-0.004760995164513587,0.14398562048883679,-0.6209522485733032,0.3324070870876312
1711143600.016262,0.04533013969659805,0.22308593538314855,0.6350909471511841,2.1121902465820312
1711143600.222881,-0.022631484612822536,0.16634058911413024,-1.2364907264709473,-0.1351144015789032
1711143600.717643,0.05110069674253464,0.10214731349552247,1.210336446762085,1.886675477027893
1711143600.92745,0.005103532701730728,0.30061267415227827,-0.8405576348304749,1.1498626470565796
1711143601.690798,0.005446236938238145,0.3037495550356414,-0.8405576348304749,1.1706326007843018
1711143601.8950243,-0.0189981314688921,0.023102433375963072,-0.652184009552002,-0.4992178976535797
1711143602.1419606,0.013187931954860687,0.2928179128764696,-0.5697704553604126,1.3690390586853027
1711143602.3444138,-0.010264634191989898,0.267220766102422,-1.1957122087478638,0.573613166809082
1711143602.980887,0.010192732276394964,0.07996798378310979,0.0441281832754612,0.573613166809082
1711143603.1869245,2.3648679256436933e-05,0.3333859056302558,-1.1029927730560303,1.1044260263442993
1711143603.5324676,0.046749046683311465,0.030349954042063698,1.316161036491394,1.517114520072937
1711143603.7346933,-0.0017229360044002523,0.16169386679302367,-0.5875148773193359,0.4830945134162903
1711143603.9382803,-0.0025968484282493584,0.49960784290147864,-1.7326971292495728,1.5753123760223389
1711143604.149096,-0.004773621283471585,0.0056166080779287315,-0.16324956715106964,-0.12606081366539001
1711143604.821158,-0.008543835282325746,0.23059800451352885,-1.0223232507705688,0.5045150518417358
1711143605.026564,-0.016182808622717856,-0.03817405757969522,-0.3640088737010956,-0.616767406463623
1711143605.3746417,-0.0052031008601188655,0.2390317960516539,-0.9490098357200623,0.6336703896522522
1711143605.5863645,-0.010369459033012392,0.4438647831059157,-1.7836874723434448,1.1552354097366333
1711143606.0859082,-0.010369459033012392,0.4438647831059157,-1.7836874723434448,1.1552354097366333
1711143606.2986295,-0.02075742070376873,0.04888371758384617,-0.7908474802970886,-0.46717801690101624
1711143606.7948947,-0.011911472707986832,-0.07306941559440211,-0.11904966831207275,-0.602857768535614
1711143606.998328,0.0009822472929954529,0.1990673383804426,-0.6292684674263,0.6887986063957214
1711143607.5043416,-0.027246958673000338,-0.09567662234710066,-0.5089178085327148,-1.1424130201339722
1711143607.7094388,-0.018729971319437023,0.4028211837502311,-1.9011571407318115,0.7660073637962341
1711143608.061719,-0.018221810907125473,-0.0036718111561964972,-0.5400201678276062,-0.5643320083618164
1711143608.6376233,-0.00474383693933487,0.23459429544496863,-0.920401930809021,0.6328966617584229
1711143608.8502443,0.005228044778108598,0.15705862661793796,-0.36153364181518555,0.6783848404884338
1711143609.620707,0.0006086909640580416,0.016238857376084447,-0.03531527891755104,0.07220564037561417
1711143609.8264494,-0.0046612398996949194,0.0976991701862632,-0.464693158864975,0.18219377100467682
1711143610.0343516,-0.03926964931190014,0.21081297962289108,-1.8879081010818481,-0.49207064509391785
1711143610.2390218,-0.007883815750479698,0.2031727749641209,-0.9115285277366638,0.43372151255607605
1711143610.475877,-0.011993163719773294,0.2047588774759655,-1.0413051843643188,0.3144467771053314
1711143611.0312977,0.02482733986526728,0.27074801969582757,-0.14399640262126923,1.6486836671829224
1711143611.2330055,-0.012195029184222222,-0.018324150237120543,-0.30888229608535767,-0.4302103817462921
1711143612.163854,-0.029464272648096087,0.0989998371704765,-1.2206062078475952,-0.5651072859764099
1711143612.3659465,0.011318905413150789,0.18379715541953082,-0.2654828429222107,0.9514771103858948
1711143613.0322645,0.0059259473383426655,0.3133976364026626,-0.8579619526863098,1.217110276222229
1711143613.2363837,0.0023060742169618608,0.10024631391673666,-0.26199501752853394,0.4017570912837982
1711143613.5856977,-0.020923546627163888,0.33067310797540767,-1.7287752628326416,0.4606815278530121
1711143613.7918859,-0.0020916797518730178,0.35567918303902146,-1.2408978939056396,1.1141294240951538
1711143614.1448698,0.007576516181230545,0.3496441292817315,-0.9279425740242004,1.3871253728866577
1711143614.3463817,-0.014618358403444292,-0.21481058935824468,0.2681726813316345,-1.1541337966918945
1711143617.1332853,0.0006250328421592705,0.4023294094225362,-1.3130137920379639,1.350894570350647
1711143617.3389993,0.002712428569793701,0.36109045604819295,-1.1132334470748901,1.2776230573654175
1711143617.5480223,-0.03921639847755433,0.17388821193773635,-1.764051079750061,-0.612700343132019
1711143617.8338273,0.03531041675806046,0.01762136278217935,1.011675238609314,1.128350019454956
1711143619.2200863,0.0038319962471723553,0.1276595572039519,-0.306509405374527,0.5387516021728516
1711143619.4248583,-0.011508394807577135,0.029155513787433272,-0.4452616572380066,-0.25221681594848633
1711143619.625472,0.013169121980667112,0.22831684282769873,-0.3568028211593628,1.1549314260482788
1711143619.8302162,-0.010423930361866951,0.015555031103182161,-0.3673732578754425,-0.2643800973892212
1711143620.0317068,0.02236357967555523,-0.06085692676854079,0.879157543182373,0.47621092200279236
1711143621.199042,0.008956338822841647,0.5199926445085888,-1.4500865936279297,1.9928950071334839
1711143621.4557574,0.0032165547609329243,0.324389682481709,-0.9764550924301147,1.1713978052139282
1711143621.6559925,-0.013841882944107056,0.48989865545277195,-2.0413124561309814,1.2024104595184326
1711143622.324661,0.011859023407101632,0.2546500847323263,-0.4836817681789398,1.2024104595184326
1711143622.5297208,0.018357059597969055,0.3710047287580896,-0.6719759702682495,1.7845250368118286
1711143622.9021606,0.01198365694284439,0.258715642125983,-0.49336445331573486,1.219646692276001
1711143623.7455697,-0.005685547292232513,0.2806848808611558,-1.1015263795852661,0.7569477558135986
1711143623.9486697,-0.0208214268386364,0.011615151671577659,-0.6694055199623108,-0.5924991369247437
1711143624.3241482,-0.00721456825733185,0.3301637210889594,-1.3116652965545654,0.8744187355041504
1711143625.186572,-0.03167795587331057,0.3152177906009098,-2.003499984741211,0.08362387120723724
1711143625.3912423,-0.025374337032437324,0.36865322036110293,-1.9893848896026611,0.4515462815761566
1711143625.6131155,-0.01464119030535221,0.023552105001235717,-0.5216441750526428,-0.36570069193840027
1711143627.1176386,-0.001486219078302384,-0.18926203578233175,0.5815351009368896,-0.6716089844703674
1711143627.333096,-0.0055093328654766075,-0.1136732005963882,0.2093777060508728,-0.5432766675949097
1711143627.5893605,-0.01690873092412949,0.46493138383127736,-2.0515904426574707,1.026818871498108
1711143628.2718742,-0.0025421867966651922,0.1751981578102374,-0.6570480465888977,0.50297611951828
1711143628.4894197,-0.01166617691516876,-0.1884601039799182,0.2703966498374939,-0.9774376749992371
1711143628.6927042,-0.025088283509016037,0.02812637862679067,-0.8533663749694824,-0.6671356558799744
1711143628.898833,-0.007458084449172021,0.11406186966383212,-0.60361647605896,0.1516113579273224
1711143629.407916,0.013163643032312395,0.30744089169142175,-0.6189174056053162,1.4167139530181885
1711143629.6098106,-0.003745503902435301,0.36620053764884475,-1.3258458375930786,1.0988456010818481
1711143630.1155305,-0.013622255891561508,0.25749909277638805,-1.2652736902236938,0.4396824240684509
1711143630.3169594,-0.018335812568664553,0.5748873848118553,-2.4588563442230225,1.347594976425171
1711143630.6909094,0.00491067735850811,0.15334839910882564,-0.35886773467063904,0.6564845442771912
1711143631.3995125,-0.018172438781708482,0.18317762027479695,-1.1571089029312134,0.05574897676706314
1711143631.6074986,0.006138681203126908,0.29601664701370134,-0.7939738631248474,1.1660151481628418
1711143632.0907338,-0.04407622394710779,0.42148394026799935,-2.7310104370117188,0.05972413718700409
1711143632.2958272,-0.0023142424821853656,0.2970485818195125,-1.0535393953323364,0.9132822751998901
1711143632.664938,-0.014769058004021646,0.18304569374778454,-1.0535393953323364,0.15844497084617615
1711143632.867359,-0.049794162288308144,0.33289253343433756,-2.610990047454834,-0.40683797001838684
1711143633.2444017,-0.004775154031813146,0.10873397611917021,-0.5046769976615906,0.21527372300624847
1711143633.9509091,-0.014299243345856666,0.026910652967012165,-0.522400975227356,-0.344219833612442
1711143634.2025416,0.008750888586044312,0.41796012546705164,-1.1185228824615479,1.6488797664642334
1711143634.5055306,-0.015949490591883657,0.1918696982091297,-1.1185228824615479,0.15188708901405334
1711143634.7091756,-0.007469719469547274,0.26409556991175603,-1.1006715297698975,0.6479612588882446
1711143635.2173815,-0.007469719469547274,0.26409556991175603,-1.1006715297698975,0.6479612588882446
1711143635.4204373,-0.01663606595993042,0.5193737518869221,-2.223565101623535,1.2153186798095703
1711143635.77458,0.009050573218613864,0.11034480395388004,-0.09104838222265244,0.6395679712295532
1711143635.977097,-0.02810394595563412,0.11620746010773787,-1.2363518476486206,-0.46691760420799255
1711143636.3468513,-0.014285891175270082,-0.010273590513443238,-0.39889398217201233,-0.46691760420799255
1711143637.079675,-0.019945472102612258,0.2112650469252392,-1.3038235902786255,0.09500709921121597
1711143637.3427598,-0.05052298486232758,0.05366745147879662,-1.7086713314056396,-1.353327751159668
1711143637.5439506,-0.012330897957086563,0.01205127517473234,-0.4135605990886688,-0.33376654982566833
1711143639.3885877,0.009632103323936464,-0.24052934515667182,1.0881798267364502,-0.5044159889221191
1711143639.59134,-0.043554709643125536,0.23778433357823633,-2.1070499420166016,-0.5326294302940369
1711143639.7949665,-0.05560341078042984,-0.008444540015074442,-1.6569952964782715,-1.712908387184143
1711143639.999971,0.00014911669492721422,0.3358461725902776,-1.1073356866836548,1.116373062133789
1711143640.206155,0.019545824199914935,0.01565211397559474,0.5404797196388245,0.644115686416626
1711143640.6799455,0.02722429543733597,0.08264050221825085,0.5513885021209717,1.0985687971115112
1711143640.8876216,-0.010543435558676722,0.21619335751238897,-1.0352290868759155,0.3962329924106598
1711143641.095629,0.004463704191148281,0.07882823394419672,-0.12570546567440033,0.3962329924106598
1711143641.806997,-0.006328365571796894,-0.04406980648466324,-0.045870885252952576,-0.33766642212867737
1711143642.0108056,-0.005932069234550001,0.10945894468567191,-0.5421351194381714,0.18261577188968658
1711143642.392429,-0.02890162271261215,0.2375345170088709,-1.6621899604797363,-0.0894235372543335
1711143642.594504,-0.009886659532785417,-0.1701903847862436,0.2638375759124756,-0.8630290627479553
1711143642.9388866,-0.044367582589387895,0.14542447156709715,-1.8259153366088867,-0.8630290627479553
1711143643.1410763,0.015123102709650994,-0.023161387961843735,0.5349540710449219,0.3815976083278656
1711143643.6475894,0.015123102709650994,-0.023161387961843735,0.5349540710449219,0.3815976083278656
1711143643.9142988,0.000163584128022194,-0.1385416699492413,0.46361398696899414,-0.4536997973918915
1711143644.3568616,0.015259550750255585,-0.00036348576403863464,0.46361398696899414,0.4612072706222534
1711143644.558193,-0.02686234407126904,-0.14029256443682744,-0.3495570123195648,-1.2784638404846191
1711143645.0466764,0.0315586599111557,0.11037223890116887,0.5909240245819092,1.3217220306396484
1711143645.90976,-0.0036084652841091164,0.3140667245917244,-1.1490986347198486,0.9304037690162659
1711143646.1200793,-0.0354162722826004,0.01885754565625225,-1.1356502771377563,-1.010790467262268
1711143646.4681306,-0.028606117486953735,0.5420324054953708,-2.6613078117370605,0.9276037216186523
1711143646.67239,0.0003167001307010659,0.18941029994929684,-0.6174659132957458,0.6366598606109619
1711143647.4236894,0.0006828116029500963,0.15255821501363062,-0.4843688905239105,0.5257514119148254
1711143647.7399719,0.0023253390491008753,0.1256381098683966,-0.3454734683036804,0.48640310764312744
1711143647.9431076,0.036658503592014315,0.024510650394710343,1.0297186374664307,1.1920088529586792
1711143648.4619625,-0.002364316195249556,0.17223711444802361,-0.6418551802635193,0.498563289642334
1711143648.6647148,-0.006794727981090546,0.4129724180671116,-1.573089838027954,1.1612881422042847
1711143649.0163515,0.00028146117925643976,0.3318505118040526,-1.090097188949585,1.107155442237854
1711143649.727002,0.01857544144615531,0.1861075659706609,-0.053236670792102814,1.1790210008621216
1711143650.3032014,-0.01688736489415169,0.027791717505291358,-0.6037457585334778,-0.41973090171813965
1711143650.508203,0.017183358415961268,-0.019371568611066453,0.5848394632339478,0.4565761983394623
1711143650.8810966,0.017183358415961268,-0.019371568611066453,0.5848394632339478,0.4565761983394623
1711143651.0824943,0.01847699998319149,0.07767861726900534,0.3027457892894745,0.8170723915100098
1711143651.5902789,0.012609631095081569,0.13138451098168197,-0.0528523251414299,0.8170723915100098
1711143651.7947185,0.008415497481822968,0.4140894314789936,-1.1158719062805176,1.6259020566940308
1711143652.302015,-0.021062712997198106,0.388238273168865,-1.9235680103302002,0.6470399498939514
1711143652.504305,-0.027198730453848845,0.35764046951071354,-2.0082106590270996,0.3598027527332306
1711143652.8585205,-0.0020928972959518427,0.18444593492852743,-0.6740489602088928,0.547206699848175
1711143653.430747,0.018065103739500044,0.37192615409737595,-0.6838735938072205,1.7787283658981323
1711143653.6351702,-0.048195418238639834,0.13500990856703138,-1.9074318408966064,-1.013502597808838
1711143654.1443381,-0.048195418238639834,0.13500990856703138,-1.9074318408966064,-1.013502597808838
1711143654.3564346,-0.03813104693591595,0.24779530207134223,-1.9758388996124268,-0.3351336419582367
1711143654.7049594,-0.0001876716837286949,0.026812352564023888,-0.0944521576166153,0.08307811617851257
1711143655.4061532,-0.02012875108793378,0.19995550443024057,-1.271936058998108,0.052011750638484955
1711143655.6087759,0.005914353132247927,0.24589218700504958,-0.6348293423652649,0.993274986743927
1711143655.9834626,-0.028559327602386476,0.355246921425826,-2.0415167808532715,0.31064844131469727
1711143656.6714206,-0.034888292849063876,0.15905245108789928,-1.5837810039520264,-0.5306609869003296
1711143656.8742142,0.0026539372801780686,0.1871784426254866,-0.5392517447471619,0.7000964283943176
1711143657.251549,0.005768974632024764,0.2156913703311772,-0.5392517447471619,0.888886570930481
1711143657.458295,-0.03833837094157934,0.27954620170647815,-2.087236166000366,-0.2363014668226242
1711143657.958938,-0.033542401626706124,0.32344523433689665,-2.087236166000366,0.05436334013938904
1711143658.1624596,-0.010421393975615503,0.24319749252201492,-1.1209309101104736,0.48933127522468567
1711143658.5109339,-0.027700537115335468,0.07438989389406463,-1.0856858491897583,-0.5931345820426941
1711143658.7200685,-0.00799097290635109,-0.18096885664784937,0.35696589946746826,-0.8412672877311707
1711143659.2280068,-0.00799097290635109,-0.18096885664784937,0.35696589946746826,-0.8412672877311707
1711143659.4879332,0.007424813434481621,-0.2112807814262006,0.9244617819786072,-0.47447308897972107
1711143659.7863479,-0.008578366991132498,0.10761704710173663,-0.6162281632423401,0.09632713347673416
1711143659.98847,0.01882917559146881,0.3787764357211115,-0.6833984851837158,1.8245606422424316
1711143660.488193,0.01882917559146881,0.3787764357211115,-0.6833984851837158,1.8245606422424316
1711143660.7067528,0.02080580332875252,0.37762254081001545,-0.6196805834770203,1.8806383609771729
1711143661.0621512,-0.009777044177055357,-0.28858583960980516,0.6591199636459351,-1.251668095588684
1711143661.265448,-8.751663565635844e-05,0.17050972437694908,-0.5671425461769104,0.5618385076522827
1711143661.7660363,0.008433430686593055,0.09251478321219472,-0.05072149634361267,0.5618385076522827
1711143661.9683568,-0.0178623403608799,0.36919152191083543,-1.7635307312011719,0.6809646487236023
1711143662.3303041,-0.002277539134025574,0.5118441647195706,-1.7635307312011719,1.6254980564117432
1711143662.881816,0.0011968753337860093,0.17109510227526353,-0.5301595330238342,0.6026974320411682
1711143663.0859902,0.019030902385711673,0.42717904193450446,-0.8375275135040283,1.9909155368804932
1711143663.6014078,0.019030902385711673,0.42717904193450446,-0.8375275135040283,1.9909155368804932
1711143663.8061364,0.012982072591781614,0.6958248544339457,-1.9102058410644531,2.696998119354248
1711143664.1686683,0.013954457581043243,0.3103542780712486,-0.6045984029769897,1.4503231048583984
1711143664.3737097,0.010642532140016557,0.2817127107209963,-0.6101388335227966,1.255140781402588
1711143664.8643382,2.3222772404551495e-05,0.01716803687729061,-0.05613288655877113,0.057540327310562134
1711143665.0667136,0.027232117027044297,0.11101629232105455,0.4576844573020935,1.192746877670288
1711143665.4372382,0.014405206069350245,-0.006392503630378424,0.4576844573020935,0.4153583347797394
1711143666.144703,0.04669681227207184,0.08450463380093431,1.1352933645248413,1.6948164701461792
1711143666.3574975,-0.023656423643231395,0.07221803989781397,-0.9559468030929565,-0.47777584195137024
1711143666.7058144,-0.014276142094284298,0.15807874057467527,-0.9559468030929565,0.09072607010602951
1711143666.906319,0.030491481050848965,0.40243637657274645,-0.4083240330219269,2.2562925815582275
1711143667.2577136,0.030491481050848965,0.40243637657274645,-0.4083240330219269,2.2562925815582275
1711143667.46109,-0.020925514563918116,0.3297688585942616,-1.7258412837982178,0.4576282799243927
1711143667.9635842,-0.020925514563918116,0.3297688585942616,-1.7258412837982178,0.4576282799243927
1711143668.1644733,0.019615962803363796,0.6028533554731845,-1.4013868570327759,2.590233087539673
1711143668.5475168,-0.002967868924140929,0.3174756931767584,-1.140972375869751,0.9611015319824219
1711143669.2507563,0.01870563027262688,0.02587875867053628,0.4811629056930542,0.6525116562843323
1711143669.4554296,-0.05422242665290833,0.3138631606811244,-2.6821811199188232,-0.6040265560150146
1711143669.959525,-0.02217207759618759,0.3510329603330494,-1.8340129852294922,0.49025070667266846
1711143670.1627166,-0.04260409735143185,0.31900608635057853,-2.3471367359161377,-0.23492977023124695
1711143670.5254464,0.0272553578093648,0.31427057431818967,-0.214506134390831,1.866346001625061
1711143670.728909,0.03868942415714264,0.452024371454863,-0.3240678310394287,2.668881416320801
1711143671.2279336,0.04485910257697105,0.3955513424404153,0.049852073192596436,2.668881416320801
1711143671.428923,-0.013541851758956908,0.45399488955395173,-1.9133573770523071,1.0926390886306763
1711143671.7795749,-0.0219974834471941,0.3284956501877826,-1.7541100978851318,0.42092928290367126
